2.189814815
5.358730159
1.338164251
1.926966292
1.791208791
2.077380952
1.534482759
1.411042945
2.80876494
5.186206897
1.386243386
1.512987013
2.045801527
2.94017094
1.332155477
1.683982684
3.164556962
2.144549763
1.893617021
1.678700361
3.069078947
2.69
1.551020408
1.259668508
1.234604106
1.756578947
1.649769585
1.351485149
1.226415094
2.714893617
1.63362069
1.5
2.274231678
2.973214286
1.454545455
1.383399209
3.502283105
2.275229358
1.397810219
1.379912664
1.556390977
2.378446115
1.799126638
1.915322581
2.397482014
2.75
1.91588785
1.551020408
1.484429066
2.907608696
1.287553648
1.649769585
1.877777778
3.049773756
1.825136612
1.63362069
2.630769231
2.32278481
1.6015625
1.454545455
2.438228438
3.197761194
1.429372197
1.397810219
1.299145299
2.971246006
2.003115265
1.80349345
3.675141243
2.556701031
1.9
1.91588785
1.437931034
2.057926829
2.199329983
1.287553648
1.771653543
1.957364341
1.507692308
1.825136612
2
3.009345794
1.956756757
1.6015625
1.710526316
2.063218391
1.355648536
1.429372197
3.366559486
3.061674009
2.2
1.990506329
1.596618357
1.952542373
1.540192926
2.199329983
3.408099688
2.168874172
1.696581197
1.507692308
1.486075949
2.909448819
1.818627451
1.956756757
3.268852459
2.83081571
1.740402194
2.149193548
2.49112426
2.563002681
1.839285714
1.557003257
1.563253012
2.440860215
1.87431694
1.84057971
2.756373938
2.245967742
1.3866171
1.766304348
3.116731518
2.152439024
1.458823529
1.296116505
2.111111111
2.29020979
1.548543689
1.303921569
2.745810056
3.087719298
1.412371134
1.529411765
2.905286344
2.809090909
1.2228739
1.631840796
1.961325967
2.948220065
1.303571429
1.4
3.474489796
3.133802817
1.4
1.302325581
3.387755102
2.993079585
1.724425887
1.434920635
3.453453453
2.18490566
1.703703704
1.777777778
2.682134571
2.704545455
1.524663677
1.54822335
1.793548387
3.025316456
1.605381166
1.921450151
2.974025974
2.847826087
1.805555556
1.592592593
2.048710602
2.320754717
1.329545455
1.330827068
5.213414634
2.622895623
1.641025641
1.847058824
2.805111821
1.934343434
1.57
1.607142857
2.264705882
2.886363636
1.385093168
1.330396476
1.662379421
2.504918033
1.546255507
1.398523985
1.984126984
1.803636364
2.087719298
2.087719298
2.375
2.563291139
1.291262136
1.393258427
2.771760155
2.97008547
1.405555556
1.546052632
2.432242991
1.817490494
1.38172043
1.335195531
1.459016393
3.004901961
1.288372093
1.419191919
3.375
2.663461538
1.561904762
1.443708609
2.126984127
2.824561404
1.63
1.56284153
3.063091483
2.211838006
1.502304147
1.625
2.750865052
3.427007299
1.524822695
1.419811321
3.335616438
3.545454545
1.582191781
1.564013841
2.557377049
2.420212766
1.357723577
1.380952381
2.039344262
2.909090909
1.251824818
1.841463415
1.896174863
2.4
1.333333333
1.867924528
2.645283019
5.039370079
1.841463415
1.377880184
3.837988827
2.138181818
1.782101167
1.307881773
2.480237154
2.765714286
1.378995434
1.806772908
2.094771242
2
1.323232323
1.527950311
2.118320611
2.079245283
1.79233871
1.636871508
4.283446712
2.890070922
1.823943662
1.447368421
1.393442623
1.905325444
1.731903485
1.554770318
1.945121951
2.062240664
1.447368421
1.508
3.242424242
2.02166065
1.454225352
1.382978723
3.617511521
3.555160142
1.278688525
1.561264822
2.518324607
2.209183673
1.591836735
1.538641686
2.085790885
2.629213483
1.4
1.306603774
1.819548872
3.55952381
1.619047619
1.405797101
2.230654762
2.79204893
1.4375
1.777777778
1.983827493
2.422594142
1.688311688
1.535632184
1.833333333
2.20661157
1.306603774
1.297794118
2.940789474
2.30726257
1.539351852
1.928327645
1.736842105
2.743961353
1.996402878
1.863333333
1.764084507
2.592964824
1.644670051
1.418972332
4.420792079
2.375510204
1.444897959
1.675182482
1.458483755
2.116483516
1.297709924
1.763532764
1.415472779
2.34375
1.848648649
1.853741497
1.658436214
2.646788991
1.790884718
1.412556054
1.821917808
2.917874396
1.709923664
1.641921397
2.647751606
2.477351916
1.789473684
1.550847458
2.821333333
1.855769231
1.712643678
1.802575107
3.03862069
2.512195122
1.942122186
1.443478261
1.638297872
2.324561404
1.8820059
1.752941176
2
2.5
1.531428571
1.591943958
1.806451613
2.357758621
1.504237288
1.679389313
1.444444444
2.269633508
1.350119904
1.375
2.798319328
2.394366197
1.81547619
1.641577061
1.703125
2.422163588
1.608695652
1.496794872
2.143939394
2.18815331
1.790419162
1.60130719
2.497674419
2.915254237
1.1015625
1.682539683
1.728531856
2.547413793
1.622222222
1.686390533
2.148148148
1.949541284
1.657289003
2.036723164
1.889908257
3.372294372
1.858267717
1.329896907
1.805882353
3.303191489
1.669879518
1.765625
1.908
2.990610329
1.961451247
2.103448276
1.623762376
2.955823293
1.441416894
1.908366534
2.974248927
4.463350785
1.473309609
1.493975904
2.205944798
2.745387454
1.714821764
1.503267974
1.844086022
2.962546816
1.539513678
1.594512195
2.258992806
2.072289157
1.434306569
2.575250836
1.21641791
2.455919395
1.420903955
1.353383459
2.479166667
2.018518519
1.641638225
1.574850299
2.068965517
3.791530945
1.651119403
2.91509434
1.622807018
2.894894895
1.534510433
1.313807531
2.831730769
3.307692308
1.442857143
1.494023904
2.76984127
1.838323353
1.469387755
2.5
2.081967213
3.739583333
1.348837209
1.209821429
1.887272727
2.827292111
1.303482587
1.322751323
2.331081081
2.048780488
1.571764706
2.010075567
2.435606061
3.792079208
1.434482759
1.200557103
1.980295567
3.12244898
1.41025641
1.305555556
3.12745098
2.236024845
1.95323741
1.276190476
1.731778426
2.414351852
1.659235669
1.227678571
2.996855346
2.526315789
1.352941176
1.594795539
1.644067797
2.382653061
1.6875
1.330578512
3.359259259
2.737288136
1.589285714
1.688821752
2.042553191
3.968871595
2.330434783
1.997395833
3.071428571
3.805907173
1.759197324
1.151079137
2.515492958
2.514563107
1.312186978
1.411111111
1.675465839
2.523648649
1.745049505
1.355555556
1.655660377
2.297413793
2.013043478
1.259887006
1.567375887
3.68202765
1.925742574
1.205882353
1.875
4.089506173
1.563043478
1.684491979
2.314814815
2.886925795
1.33201581
1.798657718
1.837209302
2.574394464
1.275423729
1.657692308
1.651079137
2.00896861
1.593272171
1.914893617
2.397727273
2.628318584
1.266666667
1.311036789
3
3.870646766
2.398921833
1.346883469
2.78742515
2.246268657
1.608433735
1.408536585
1.899280576
2.674107143
2.801152738
1.295454545
2.543589744
2.176706827
1.540106952
1.850666667
1.516483516
3.441558442
1.587378641
1.412322275
1.983050847
1.936936937
2.36900369
1.289308176
2.134564644
2.368831169
1.273127753
1.319371728
2.180803571
4.034782609
2.010075567
1.574712644
1.824324324
4.677966102
1.316582915
1.568181818
2.368888889
3.802675585
1.305555556
1.43258427
1.11627907
3.48346056
1.276190476
1.321428571
1.828244275
2.588405797
1.227678571
1.977695167
3.159468439
2.428571429
1.330578512
1.372881356
2.076923077
4.132231405
1.620408163
1.700421941
3.504310345
3.00952381
1.341040462
1.346153846
1.888888889
3.715355805
1.322981366
1.246376812
3.24911032
4
1.688821752
2.080428954
1.628415301
2.732793522
2.005194805
1.346590909
1.9375
3.039634146
1.190751445
1.926289926
2.232394366
1.988047809
1.314176245
1.810483871
2.003378378
2.497797357
1.767857143
1.794964029
1.718918919
2.848874598
1.276836158
1.402597403
2.561068702
2.301652893
1.677884615
1.53649635
2.081761006
1.798657718
1.826612903
3.142011834
1.657692308
1.508196721
4.197183099
1.358695652
1.353211009
2.666666667
1.34828496
1.745614035
2.707602339
1.8875
1.568181818
4.236311239
1.381107492
1.331838565
4.495495495
1.45890411
1.655913978
4.079646018
1.398496241
2.146520147
4.399209486
1.21656051
1.859060403
3.657894737
1.314487633
1.324873096
2.069343066
1.429752066
1.696594427
3.58781362
1.467213115
1.556231003
2.708333333
1.321428571
1.64137931
2.952380952
1.977695167
1.824817518
2.957446809
1.471365639
1.392156863
4.282894737
1.34375
1.519650655
3.328912467
1.628
1.506849315
2.681672026
1.401766004
1.516666667
2.305454545
2.080213904
2.005263158
3.645914397
1.333333333
1.357429719
4.037433155
1.82010582
1.365079365
2.108196721
1.211320755
1.543010753
4.306849315
1.556886228
1.447488584
2.230188679
1.783505155
1.464705882
2.35840708
1.956790123
1.608562691
3.369098712
1.778169014
1.762931034
3.85520362
1.457489879
1.439285714
2.156794425
1.585227273
1.927083333
2.47284345
1.5625
1.452830189
2.806324111
1.198275862
1.517006803
4.640326975
1.661417323
1.475336323
2.681818182
1.517857143
1.409090909
2.356862745
1.464516129
1.538461538
3.361290323
1.816568047
2.169491525
2.899141631
2.072847682
1.776255708
3.207446809
1.349282297
1.810126582
3.673469388
1.734939759
1.301310044
2.789883268
1.557228916
1.628762542
3.491452991
1.755681818
2.371323529
3.148688047
1.646428571
1.422222222
2.96119403
1.647058824
1.497652582
4.205020921
1.651428571
1.511811024
2.748344371
1.418604651
1.429149798
4.370588235
1.519047619
1.461139896
3.588014981
1.800796813
1.58044164
6.100961538
1.49689441
1.322368421
2.394202899
1.637362637
2.013661202
2.352640545
1.403314917
1.502347418
4.277978339
1.378531073
1.884615385
4.570552147
1.607476636
1.664652568
4.762411348
1.788288288
2.343023256
4.504065041
1.273743017
1.905263158
5.484848485
1.439285714
1.484764543
2.611486486
1.433628319
2.104783599
2.788804071
1.710691824
1.469387755
4.635761589
1.5390625
1.743150685
5.721088435
1.47029703
1.623505976
3.370860927
2.169491525
2.12406015
4.274509804
1.336
1.531914894
2.006024096
1.776255708
1.644970414
4.270758123
1.810126582
1.379562044
2.923076923
1.535714286
2.164285714
2.108938547
2.371323529
1.204603581
3.824766355
1.343949045
1.964673913
4.341207349
1.422222222
1.55907781
2.626315789
1.56223176
2.17032967
2.989090909
1.429149798
1.61
3.367132867
1.582172702
1.563991323
2.762237762
1.58044164
1.615384615
2.251082251
1.429824561
1.666086957
2.397058824
2.013661202
2.08650519
3.114583333
1.278745645
2.206812652
3.48245614
1.670480549
1.273913043
2.584980237
1.884615385
2.081632653
3.146067416
2.343023256
1.987179487
3.368700265
1.787974684
1.529085873
5.709163347
1.726984127
1.480225989
2.751282051
1.893103448
1.940334129
2.868686869
1.484764543
2.003663004
2.659016393
2.104783599
1.576779026
2.312785388
1.496598639
2.135746606
4.88185654
1.735395189
2.079439252
2.238297872
1.852713178
1.571428571
4.919491525
1.623505976
1.956756757
2.59
1.531914894
1.470588235
3.279835391
1.644970414
1.511363636
2.817857143
2.164285714
1.447300771
2.765625
1.190217391
1.52365416
2.732824427
2.029411765
1.481876333
2.598615917
1.450121655
1.586481113
2.967509025
1.489361702
2.768041237
2.879154079
2.185714286
1.85
3.013333333
1.61
2.014204545
2.813620072
1.540254237
1.529691211
4.303571429
1.617737003
1.546594982
2.180672269
1.646566164
1.579399142
2.753303965
2.08650519
1.622176591
3.254278729
2.206812652
2.106824926
2.276315789
2.081632653
1.498333333
4.844
1.989795918
1.789865872
4.891447368
1.529085873
1.372093023
3.701388889
1.472014925
1.612121212
3.191321499
2.029255319
1.670212766
3.90070922
2.471875
1.440944882
3.719298246
2.018214936
1.676470588
3.781954887
1.560606061
1.694656489
3
2.110859729
2.010282776
3.049469965
2.005464481
1.485148515
2.832214765
1.511363636
1.972850679
2.737777778
1.363934426
1.683391003
3.586124402
1.52365416
2.282685512
4.866108787
1.481798715
2.178988327
3.165662651
1.584493042
1.315436242
2.407051282
1.400386847
1.536708861
5.090163934
2.768041237
2.119266055
3.062663185
1.846153846
1.63197026
2.507874016
2.014204545
1.460641399
3.609065156
1.551894563
2.210428305
2.95256917
1.575
1.7
2.415525114
1.584070796
1.951557093
3.380794702
2.093484419
2.566901408
4.665662651
1.690909091
1.49112426
4.169312169
1.498333333
1.377926421
5.098701299
1.789865872
2.512195122
2.873015873
1.670212766
1.370748299
2.724137931
1.715083799
1.641666667
2.285714286
2.010282776
1.478571429
3.596273292
1.631188119
1.797583082
3.669421488
2.080717489
2.071428571
3.393229167
1.672818792
2.204819277
3.420560748
1.426900585
2.279569892
3.511627907
2.37037037
1.474012474
3.406360424
2.352331606
1.498567335
4.051509769
1.73151751
1.8
2.487804878
1.327272727
2.127941176
2.63961039
1.543589744
1.560679612
4.193939394
1.668621701
2.275689223
3.697916667
1.852390852
2.791245791
2.945945946
2.254174397
1.984018265
3.698275862
1.712121212
1.43442623
3.082474227
1.932515337
2.363636364
3.121568627
2.65648855
1.852201258
5.190340909
1.5
2.405660377
3.74375
1.628959276
1.720164609
2.786624204
1.631578947
2.241935484
2.491452991
2.508710801
1.989795918
1.511450382
1.488372093
1.679640719
1.52764977
1.515625
1.943349754
2.042813456
2.836400818
1.745253165
2.504504505
2.189602446
1.542553191
1.472164948
1.65374677
2.119246862
2.142857143
1.532738095
1.600719424
1.495677233
2.415607985
2.164864865
2.468992248
1.561643836
1.675675676
2.218905473
1.577358491
2.793867121
1.978142077
1.858921162
1.939632546
2.18287037
2.130841121
2.388429752
2.611764706
2.420886076
1.758241758
1.735042735
1.590697674
1.738341969
1.650793651
1.60960334
1.556962025
1.593908629
2.159874608
2.241935484
2.433333333
2.143459916
2.342412451
1.52764977
2.653333333
2.582554517
2.159851301
2.546448087
1.337931034
2.006557377
2.010050251
1.5
1.636871508
1.717444717
1.91634981
1.368
1.75170068
2.259615385
2.038216561
1.592465753
2.192913386
2.415607985
1.659663866
2.536423841
1.541666667
1.685114504
1.589788732
1.438888889
1.688596491
1.55952381
1.99691358
1.543352601
1.842105263
2.012944984
2.009727626
2.503058104
1.461805556
1.75388601
1.65037594
2.363896848
2.366013072
1.461318052
2.257142857
2.583710407
2.092165899
1.314159292
1.879716981
1.974637681
1.768844221
1.596153846
1.681102362
1.668341709
1.683333333
1.610829103
1.495689655
2.069252078
